image: testmap.pgm
resolution: 0.500000
origin: [-128.000000, -256.000000, 0.000000]
negate: 0
occupied_thresh: 0.65
free_thresh: 0.196

